0 0.3276 0.3403 0.3321
10000 0.2611 0.5183 0.2206
20000 0.1862 0.6555 0.1583
30000 0.1325 0.7465 0.121
40000 0.0982 0.7966 0.1052
50000 0.0803 0.8275 0.0922
60000 0.0656 0.8464 0.088
70000 0.0571 0.8538 0.0891
80000 0.0547 0.8519 0.0934
90000 0.0552 0.8535 0.0913
100000 0.0537 0.855 0.0913
110000 0.0541 0.8582 0.0877
120000 0.0534 0.8595 0.0871
130000 0.053 0.8587 0.0883
140000 0.0541 0.8576 0.0883
150000 0.0591 0.8555 0.0854
160000 0.0542 0.8627 0.0831
170000 0.0527 0.8635 0.0838
180000 0.0538 0.8603 0.0859
190000 0.0536 0.8593 0.0871
200000 0.0533 0.8618 0.0849
210000 0.0558 0.8572 0.087
220000 0.0536 0.8617 0.0847
230000 0.0544 0.8596 0.086
240000 0.0526 0.8616 0.0858
250000 0.0518 0.8625 0.0857
260000 0.0529 0.8612 0.0859
270000 0.053 0.8624 0.0846
280000 0.0531 0.8587 0.0882
290000 0.0576 0.8609 0.0815
300000 0.054 0.8637 0.0823
310000 0.0542 0.8603 0.0855
320000 0.0545 0.8577 0.0878
330000 0.0554 0.8576 0.087
340000 0.0555 0.8609 0.0836
350000 0.0574 0.8605 0.0821
360000 0.0529 0.8643 0.0828
370000 0.0555 0.8599 0.0846
380000 0.0528 0.864 0.0832
390000 0.0478 0.8638 0.0884
400000 0.052 0.8558 0.0922
410000 0.0546 0.8562 0.0892
420000 0.0556 0.8567 0.0877
430000 0.0527 0.8554 0.0919
440000 0.054 0.8544 0.0916
450000 0.0535 0.8596 0.0869
460000 0.0541 0.8549 0.091
470000 0.056 0.8527 0.0913
480000 0.0532 0.8577 0.0891
490000 0.0554 0.8575 0.0871
500000 0.0536 0.8603 0.0861
510000 0.0507 0.859 0.0903
520000 0.0538 0.863 0.0832
530000 0.0508 0.8641 0.0851
540000 0.0546 0.8639 0.0815
550000 0.0555 0.8649 0.0796
560000 0.0526 0.8666 0.0808
570000 0.049 0.8672 0.0838
580000 0.051 0.8639 0.0851
590000 0.049 0.8641 0.0869
600000 0.0541 0.8611 0.0848
610000 0.0535 0.86 0.0865
620000 0.0546 0.861 0.0844
630000 0.0522 0.8612 0.0866
640000 0.0538 0.8602 0.086
650000 0.052 0.8634 0.0846
660000 0.0461 0.8653 0.0886
670000 0.0523 0.8626 0.0851
680000 0.0556 0.8602 0.0842
690000 0.0557 0.856 0.0883
700000 0.0525 0.8618 0.0857
710000 0.0541 0.8633 0.0826
720000 0.0517 0.8644 0.0839
730000 0.0533 0.8617 0.085
740000 0.0533 0.8649 0.0818
750000 0.0535 0.8647 0.0818
760000 0.0549 0.8612 0.0839
770000 0.055 0.8632 0.0818
780000 0.055 0.8643 0.0807
790000 0.052 0.8636 0.0844
800000 0.0531 0.8615 0.0854
810000 0.0514 0.8615 0.0871
820000 0.0509 0.8595 0.0896
830000 0.0553 0.86 0.0847
840000 0.0531 0.864 0.0829
850000 0.0552 0.8634 0.0814
860000 0.0525 0.8619 0.0856
870000 0.0534 0.862 0.0846
880000 0.0521 0.8628 0.0851
890000 0.0513 0.8635 0.0852
900000 0.0541 0.8624 0.0835
910000 0.0543 0.8605 0.0852
920000 0.0538 0.8603 0.0859
930000 0.0517 0.8645 0.0838
940000 0.0533 0.8652 0.0815
950000 0.0514 0.8651 0.0835
960000 0.0505 0.8668 0.0827
970000 0.0544 0.8625 0.0831
980000 0.0516 0.8611 0.0873
990000 0.0513 0.8666 0.0821
1000000 0.0498 0.8674 0.0828
1010000 0.0513 0.8662 0.0825
1020000 0.0566 0.8618 0.0816
1030000 0.0553 0.8615 0.0832
1040000 0.0536 0.8626 0.0838
1050000 0.0543 0.8617 0.084
1060000 0.055 0.8582 0.0868
1070000 0.0555 0.8586 0.0859
1080000 0.0544 0.8619 0.0837
1090000 0.0494 0.8666 0.084
1100000 0.0514 0.8632 0.0854
1110000 0.0508 0.865 0.0842
1120000 0.054 0.8612 0.0848
1130000 0.0548 0.8601 0.0851
1140000 0.0571 0.8582 0.0847
1150000 0.0524 0.8649 0.0827
1160000 0.0538 0.8643 0.0819
1170000 0.0529 0.8663 0.0808
1180000 0.0519 0.8642 0.0839
1190000 0.0535 0.8606 0.0859
1200000 0.0512 0.8575 0.0913
1210000 0.0514 0.8637 0.0849
1220000 0.0506 0.8657 0.0837
1230000 0.0527 0.8636 0.0837
1240000 0.0513 0.8613 0.0874
1250000 0.0553 0.8535 0.0912
1260000 0.0574 0.8513 0.0913
1270000 0.0608 0.8536 0.0856
1280000 0.0531 0.8606 0.0863
1290000 0.0535 0.8593 0.0872
1300000 0.0553 0.8559 0.0888
1310000 0.0552 0.8558 0.089
1320000 0.058 0.8544 0.0876
1330000 0.0532 0.8592 0.0876
1340000 0.053 0.86 0.087
1350000 0.0547 0.8621 0.0832
1360000 0.0566 0.8615 0.0819
1370000 0.0549 0.8623 0.0828
1380000 0.0559 0.8577 0.0864
1390000 0.0548 0.8598 0.0854
1400000 0.0544 0.8566 0.089
1410000 0.0541 0.8564 0.0895
1420000 0.0551 0.8562 0.0887
1430000 0.0553 0.8567 0.088
1440000 0.053 0.8619 0.0851
1450000 0.0536 0.862 0.0844
1460000 0.0549 0.8617 0.0834
1470000 0.0543 0.8626 0.0831
1480000 0.0508 0.8644 0.0848
1490000 0.0531 0.8639 0.083
1500000 0.0516 0.8653 0.0831
1510000 0.0516 0.8609 0.0875
1520000 0.0536 0.8579 0.0885
1530000 0.0541 0.8629 0.083
1540000 0.0548 0.8628 0.0824
1550000 0.0553 0.8619 0.0828
1560000 0.0513 0.864 0.0847
1570000 0.051 0.8643 0.0847
1580000 0.0505 0.8628 0.0867
1590000 0.0535 0.8596 0.0869
1600000 0.0569 0.8525 0.0906
1610000 0.0569 0.853 0.0901
1620000 0.057 0.8568 0.0862
1630000 0.0571 0.8622 0.0807
1640000 0.0546 0.8641 0.0813
1650000 0.0508 0.8666 0.0826
1660000 0.0511 0.8638 0.0851
1670000 0.0518 0.8619 0.0863
1680000 0.0532 0.8619 0.0849
1690000 0.0545 0.8638 0.0817
1700000 0.0544 0.8636 0.082
1710000 0.0536 0.8621 0.0843
1720000 0.0543 0.8606 0.0851
1730000 0.0566 0.8607 0.0827
1740000 0.0565 0.8569 0.0866
1750000 0.0549 0.8572 0.0879
1760000 0.0528 0.8609 0.0863
1770000 0.0545 0.8584 0.0871
1780000 0.0594 0.8548 0.0858
1790000 0.0549 0.8618 0.0833
1800000 0.053 0.8638 0.0832
1810000 0.0537 0.8608 0.0855
1820000 0.0521 0.8618 0.0861
1830000 0.0535 0.8579 0.0886
1840000 0.0536 0.8598 0.0866
1850000 0.0551 0.8588 0.0861
1860000 0.0541 0.8569 0.089
1870000 0.0554 0.8541 0.0905
1880000 0.0559 0.8527 0.0914
1890000 0.0568 0.8533 0.0899
1900000 0.0564 0.8569 0.0867
1910000 0.0559 0.8587 0.0854
1920000 0.0552 0.8614 0.0834
1930000 0.0526 0.8637 0.0837
1940000 0.0534 0.8618 0.0848
1950000 0.0523 0.8592 0.0885
1960000 0.0555 0.8574 0.0871
1970000 0.0554 0.858 0.0866
1980000 0.054 0.8607 0.0853
1990000 0.0556 0.8591 0.0853
2000000 0.0521 0.8591 0.0888
2010000 0.0555 0.8543 0.0902
2020000 0.0577 0.8543 0.088
2030000 0.0521 0.858 0.0899
2040000 0.0538 0.856 0.0902
2050000 0.0566 0.8524 0.091
2060000 0.0534 0.857 0.0896
2070000 0.0574 0.8534 0.0892
2080000 0.0584 0.8509 0.0907
2090000 0.053 0.8585 0.0885
2100000 0.0502 0.8612 0.0886
2110000 0.0516 0.8599 0.0885
2120000 0.0531 0.8607 0.0862
2130000 0.0515 0.8607 0.0878
2140000 0.0553 0.8591 0.0856
2150000 0.0564 0.8584 0.0852
2160000 0.0561 0.8572 0.0867
2170000 0.0566 0.8574 0.086
2180000 0.0561 0.8579 0.086
2190000 0.0555 0.8635 0.081
2200000 0.0522 0.8677 0.0801
2210000 0.0514 0.868 0.0806
2220000 0.0519 0.8612 0.0869
2230000 0.0502 0.8601 0.0897
2240000 0.0539 0.858 0.0881
2250000 0.0524 0.8632 0.0844
2260000 0.0531 0.8648 0.0821
2270000 0.0542 0.8598 0.086
2280000 0.0535 0.8593 0.0872
2290000 0.058 0.8587 0.0833
2300000 0.058 0.8587 0.0833
2310000 0.0517 0.861 0.0873
2320000 0.0554 0.8579 0.0867
2330000 0.0545 0.8589 0.0866
2340000 0.0557 0.8554 0.0889
2350000 0.0518 0.8587 0.0895
2360000 0.0504 0.861 0.0886
2370000 0.0541 0.8597 0.0862
2380000 0.0568 0.8611 0.0821
2390000 0.0526 0.8617 0.0857
2400000 0.053 0.8603 0.0867
2410000 0.0554 0.8606 0.084
2420000 0.0524 0.8614 0.0862
2430000 0.0535 0.8587 0.0878
2440000 0.0524 0.8616 0.086
2450000 0.0528 0.8634 0.0838
2460000 0.054 0.8609 0.0851
2470000 0.054 0.8575 0.0885
2480000 0.056 0.8572 0.0868
2490000 0.0568 0.8546 0.0886
2500000 0.055 0.8541 0.0909
2510000 0.0554 0.855 0.0896
2520000 0.0536 0.8547 0.0917
2530000 0.0568 0.86 0.0832
2540000 0.0522 0.8622 0.0856
2550000 0.0511 0.8652 0.0837
2560000 0.0555 0.8624 0.0821
2570000 0.0538 0.8658 0.0804
2580000 0.0487 0.8662 0.0851
2590000 0.0522 0.8625 0.0853
2600000 0.0548 0.8606 0.0846
2610000 0.0528 0.8611 0.0861
2620000 0.0534 0.8578 0.0888
2630000 0.0573 0.8587 0.084
2640000 0.0543 0.86 0.0857
2650000 0.0565 0.8579 0.0856
2660000 0.0551 0.8587 0.0862
2670000 0.053 0.8628 0.0842
2680000 0.0542 0.8586 0.0872
2690000 0.0569 0.8564 0.0867
2700000 0.0559 0.8611 0.083
2710000 0.0554 0.86 0.0846
2720000 0.0564 0.8588 0.0848
2730000 0.0572 0.8577 0.0851
2740000 0.0554 0.8606 0.084
2750000 0.0539 0.8615 0.0846
2760000 0.056 0.8643 0.0797
2770000 0.0533 0.8661 0.0806
2780000 0.0514 0.8653 0.0833
2790000 0.0519 0.8612 0.0869
2800000 0.0516 0.8607 0.0877
2810000 0.0532 0.8629 0.0839
2820000 0.0528 0.8635 0.0837
2830000 0.052 0.8628 0.0852
2840000 0.0535 0.8609 0.0856
2850000 0.0554 0.8621 0.0825
2860000 0.0494 0.8619 0.0887
2870000 0.0523 0.8646 0.0831
2880000 0.0503 0.8658 0.0839
2890000 0.0531 0.8649 0.082
2900000 0.0485 0.8678 0.0837
2910000 0.0508 0.867 0.0822
2920000 0.0504 0.8665 0.0831
2930000 0.0505 0.866 0.0835
2940000 0.0485 0.8684 0.0831
2950000 0.0539 0.8624 0.0837
2960000 0.0515 0.8624 0.0861
2970000 0.0524 0.8633 0.0843
2980000 0.0538 0.8643 0.0819
2990000 0.0533 0.865 0.0817
3000000 0.0524 0.8665 0.0811
3010000 0.0517 0.8664 0.0819
3020000 0.0522 0.8673 0.0805
3030000 0.0511 0.8637 0.0852
3040000 0.0525 0.8625 0.085
3050000 0.0513 0.8603 0.0884
3060000 0.0536 0.8591 0.0873
3070000 0.0531 0.8585 0.0884
3080000 0.0534 0.8607 0.0859
3090000 0.0539 0.8639 0.0822
3100000 0.051 0.8622 0.0868
3110000 0.0522 0.8588 0.089
3120000 0.051 0.8623 0.0867
3130000 0.0506 0.8606 0.0888
3140000 0.0515 0.8579 0.0906
3150000 0.0552 0.8572 0.0876
3160000 0.0537 0.8562 0.0901
3170000 0.0536 0.8567 0.0897
3180000 0.0516 0.8592 0.0892
3190000 0.0511 0.8607 0.0882
3200000 0.0523 0.8592 0.0885
3210000 0.0513 0.8602 0.0885
3220000 0.0514 0.8566 0.092
3230000 0.054 0.8587 0.0873
3240000 0.0514 0.8628 0.0858
3250000 0.0507 0.8589 0.0904
3260000 0.0525 0.857 0.0905
3270000 0.0543 0.8584 0.0873
3280000 0.0546 0.8569 0.0885
3290000 0.0591 0.8554 0.0855
3300000 0.057 0.8597 0.0833
3310000 0.0587 0.8612 0.0801
3320000 0.0534 0.8669 0.0797
3330000 0.0486 0.8654 0.086
3340000 0.0488 0.8642 0.087
3350000 0.0521 0.8634 0.0845
3360000 0.0538 0.8636 0.0826
3370000 0.0539 0.8638 0.0823
3380000 0.0549 0.8623 0.0828
3390000 0.0508 0.8614 0.0878
3400000 0.0541 0.8588 0.0871
3410000 0.0553 0.8561 0.0886
3420000 0.0543 0.8582 0.0875
3430000 0.0564 0.8582 0.0854
3440000 0.0528 0.861 0.0862
3450000 0.0553 0.8591 0.0856
3460000 0.0531 0.8588 0.0881
3470000 0.0558 0.8546 0.0896
3480000 0.0576 0.8555 0.0869
3490000 0.054 0.8609 0.0851
3500000 0.0562 0.8582 0.0856
3510000 0.0553 0.8609 0.0838
3520000 0.0551 0.8594 0.0855
3530000 0.0529 0.8624 0.0847
3540000 0.0536 0.863 0.0834
3550000 0.0514 0.8658 0.0828
3560000 0.0507 0.8631 0.0862
3570000 0.0551 0.8635 0.0814
3580000 0.0544 0.8656 0.08
3590000 0.0523 0.8624 0.0853
3600000 0.0509 0.8672 0.0819
3610000 0.0503 0.8683 0.0814
3620000 0.0531 0.8678 0.0791
3630000 0.0492 0.8658 0.085
3640000 0.0525 0.8633 0.0842
3650000 0.0515 0.8637 0.0848
3660000 0.0541 0.861 0.0849
3670000 0.053 0.8654 0.0816
3680000 0.0529 0.8642 0.0829
3690000 0.0537 0.8611 0.0852
3700000 0.0548 0.8573 0.0879
3710000 0.0539 0.8591 0.087
3720000 0.0532 0.862 0.0848
3730000 0.0509 0.8617 0.0874
3740000 0.0523 0.8618 0.0859
3750000 0.0533 0.8632 0.0835
3760000 0.0504 0.8642 0.0854
3770000 0.0502 0.8657 0.0841
3780000 0.0503 0.8663 0.0834
3790000 0.0536 0.8623 0.0841
3800000 0.0526 0.8634 0.084
3810000 0.05 0.8674 0.0826
3820000 0.0542 0.8639 0.0819
3830000 0.0505 0.8637 0.0858
3840000 0.054 0.8591 0.0869
3850000 0.0541 0.8605 0.0854
3860000 0.0539 0.86 0.0861
3870000 0.053 0.8604 0.0866
3880000 0.0539 0.8605 0.0856
3890000 0.0514 0.8651 0.0835
3900000 0.0523 0.8623 0.0854
3910000 0.0533 0.8598 0.0869
3920000 0.0549 0.856 0.0891
3930000 0.0554 0.8542 0.0904
3940000 0.0533 0.8565 0.0902
3950000 0.0545 0.8571 0.0884
3960000 0.0525 0.8583 0.0892
3970000 0.06 0.8535 0.0865
3980000 0.06 0.8579 0.0821
3990000 0.0578 0.8581 0.0841
4000000 0.0557 0.861 0.0833
4010000 0.0534 0.8612 0.0854
4020000 0.0516 0.8635 0.0849
4030000 0.0517 0.8621 0.0862
4040000 0.0524 0.8627 0.0849
4050000 0.0532 0.8628 0.084
4060000 0.0536 0.8632 0.0832
4070000 0.0498 0.8646 0.0856
4080000 0.0525 0.8625 0.085
4090000 0.0544 0.8602 0.0854
4100000 0.0573 0.8557 0.087
4110000 0.0547 0.8593 0.086
4120000 0.0511 0.8595 0.0894
4130000 0.0537 0.8599 0.0864
4140000 0.0542 0.8587 0.0871
4150000 0.0584 0.8525 0.0891
4160000 0.0581 0.855 0.0869
4170000 0.0552 0.8582 0.0866
4180000 0.0556 0.8585 0.0859
4190000 0.0576 0.8623 0.0801
4200000 0.0536 0.863 0.0834
4210000 0.0496 0.8669 0.0835
4220000 0.0527 0.8641 0.0832
4230000 0.0483 0.8644 0.0873
4240000 0.0497 0.8622 0.0881
4250000 0.0516 0.8612 0.0872
4260000 0.0572 0.8564 0.0864
4270000 0.0565 0.8584 0.0851
4280000 0.0555 0.8604 0.0841
4290000 0.0559 0.8579 0.0862
4300000 0.0544 0.8576 0.088
4310000 0.054 0.8599 0.0861
4320000 0.0565 0.8576 0.0859
4330000 0.0537 0.8566 0.0897
4340000 0.0512 0.862 0.0868
4350000 0.0516 0.8646 0.0838
4360000 0.0508 0.862 0.0872
4370000 0.0524 0.8597 0.0879
4380000 0.0532 0.8571 0.0897
4390000 0.0525 0.8607 0.0868
4400000 0.0542 0.8609 0.0849
4410000 0.0541 0.8621 0.0838
4420000 0.0538 0.8624 0.0838
4430000 0.0519 0.8653 0.0828
4440000 0.0524 0.8616 0.086
4450000 0.0517 0.8628 0.0855
4460000 0.0535 0.8582 0.0883
4470000 0.0547 0.8554 0.0899
4480000 0.0538 0.8552 0.091
4490000 0.0533 0.8548 0.0919
4500000 0.0528 0.8525 0.0947
4510000 0.0526 0.8579 0.0895
4520000 0.0564 0.8612 0.0824
4530000 0.0557 0.8617 0.0826
4540000 0.0544 0.8634 0.0822
4550000 0.0516 0.8638 0.0846
4560000 0.0544 0.8615 0.0841
4570000 0.0539 0.8619 0.0842
4580000 0.0539 0.8612 0.0849
4590000 0.0521 0.8599 0.088
4600000 0.0545 0.8596 0.0859
4610000 0.0563 0.8563 0.0874
4620000 0.0591 0.8539 0.087
4630000 0.0528 0.8619 0.0853
4640000 0.0513 0.8606 0.0881
4650000 0.0532 0.859 0.0878
4660000 0.0548 0.8556 0.0896
4670000 0.0557 0.8552 0.0891
4680000 0.0558 0.8571 0.0871
4690000 0.0572 0.8542 0.0886
4700000 0.0558 0.8568 0.0874
4710000 0.0552 0.857 0.0878
4720000 0.0563 0.8551 0.0886
4730000 0.0576 0.8558 0.0866
4740000 0.0572 0.8577 0.0851
4750000 0.0537 0.8637 0.0826
4760000 0.0514 0.8653 0.0833
4770000 0.0519 0.8627 0.0854
4780000 0.0528 0.8617 0.0855
4790000 0.0536 0.8614 0.085
4800000 0.0552 0.8599 0.0849
4810000 0.0531 0.8578 0.0891
4820000 0.0576 0.8551 0.0873
4830000 0.0532 0.8612 0.0856
4840000 0.0569 0.8567 0.0864
4850000 0.0547 0.8544 0.0909
4860000 0.0528 0.8563 0.0909
4870000 0.0568 0.8587 0.0845
4880000 0.0547 0.8607 0.0846
4890000 0.0533 0.8619 0.0848
4900000 0.0515 0.8632 0.0853
4910000 0.051 0.8614 0.0876
4920000 0.054 0.8632 0.0828
4930000 0.0551 0.8618 0.0831
4940000 0.0575 0.8608 0.0817
4950000 0.0553 0.8607 0.084
4960000 0.056 0.8576 0.0864
4970000 0.0562 0.857 0.0868
4980000 0.0553 0.8547 0.09
4990000 0.0549 0.8549 0.0902
5000000 0.0532 0.8571 0.0897
5010000 0.0537 0.8553 0.091
5020000 0.0546 0.8576 0.0878
5030000 0.0545 0.8591 0.0864
5040000 0.0553 0.8572 0.0875
5050000 0.0545 0.8592 0.0863
5060000 0.0534 0.8632 0.0834
5070000 0.0504 0.8613 0.0883
5080000 0.0533 0.8595 0.0872
5090000 0.0553 0.8594 0.0853
5100000 0.0543 0.8591 0.0866
5110000 0.053 0.8609 0.0861
5120000 0.0526 0.8604 0.087
5130000 0.0565 0.8554 0.0881
5140000 0.0573 0.863 0.0797
5150000 0.053 0.8573 0.0897
5160000 0.0532 0.857 0.0898
5170000 0.053 0.8564 0.0906
5180000 0.0519 0.8591 0.089
5190000 0.0526 0.858 0.0894
5200000 0.0522 0.8592 0.0886
5210000 0.0564 0.8553 0.0883
5220000 0.0551 0.8593 0.0856
5230000 0.0519 0.8597 0.0884
5240000 0.0527 0.8601 0.0872
5250000 0.0525 0.8628 0.0847
5260000 0.0532 0.8658 0.081
5270000 0.0508 0.8665 0.0827
5280000 0.0519 0.8645 0.0836
5290000 0.0535 0.8592 0.0873
5300000 0.0509 0.8666 0.0825
5310000 0.0513 0.8631 0.0856
5320000 0.0518 0.8661 0.0821
5330000 0.0524 0.8647 0.0829
5340000 0.0503 0.8628 0.0869
5350000 0.0553 0.8568 0.0879
5360000 0.0541 0.8528 0.0931
5370000 0.0543 0.8496 0.0961
5380000 0.0603 0.8515 0.0882
5390000 0.0574 0.8524 0.0902
5400000 0.0583 0.8545 0.0872
5410000 0.0564 0.8575 0.0861
5420000 0.0545 0.8568 0.0887
5430000 0.0581 0.8533 0.0886
5440000 0.0559 0.8602 0.0839
5450000 0.0552 0.8591 0.0857
5460000 0.0574 0.8535 0.0891
5470000 0.0556 0.8598 0.0846
5480000 0.0559 0.8583 0.0858
5490000 0.0544 0.8616 0.084
5500000 0.0531 0.8595 0.0874
5510000 0.0515 0.8573 0.0912
5520000 0.0514 0.8584 0.0902
5530000 0.0522 0.8613 0.0865
5540000 0.0529 0.8602 0.0869
5550000 0.0508 0.8619 0.0873
5560000 0.0497 0.8616 0.0887
5570000 0.0541 0.8596 0.0863
5580000 0.0563 0.8582 0.0855
5590000 0.0536 0.8609 0.0855
5600000 0.0557 0.8613 0.083
5610000 0.0519 0.8634 0.0847
5620000 0.0517 0.8625 0.0858
5630000 0.0546 0.8658 0.0796
5640000 0.0525 0.8652 0.0823
5650000 0.0523 0.8625 0.0852
5660000 0.0537 0.8611 0.0852
5670000 0.0565 0.864 0.0795
5680000 0.0499 0.8633 0.0868
5690000 0.0541 0.8595 0.0864
5700000 0.0505 0.8579 0.0916
5710000 0.0536 0.8602 0.0862
5720000 0.0502 0.8652 0.0846
5730000 0.0513 0.8642 0.0845
5740000 0.0516 0.8638 0.0846
5750000 0.0501 0.864 0.0859
5760000 0.0541 0.8606 0.0853
5770000 0.0504 0.8654 0.0842
5780000 0.0523 0.8546 0.0931
5790000 0.0526 0.8559 0.0915
5800000 0.0546 0.8587 0.0867
5810000 0.0591 0.8574 0.0835
5820000 0.0577 0.8577 0.0846
5830000 0.0538 0.8584 0.0878
5840000 0.0547 0.858 0.0873
5850000 0.0557 0.8561 0.0882
5860000 0.0548 0.8583 0.0869
5870000 0.0557 0.8625 0.0818
5880000 0.053 0.8655 0.0815
5890000 0.0535 0.8628 0.0837
5900000 0.0492 0.8645 0.0863
5910000 0.0493 0.864 0.0867
5920000 0.0545 0.8625 0.083
5930000 0.0557 0.8632 0.0811
5940000 0.0544 0.8647 0.0809
5950000 0.0535 0.8665 0.08
5960000 0.0528 0.8654 0.0818
5970000 0.049 0.8666 0.0844
5980000 0.0499 0.8618 0.0883
5990000 0.0546 0.8602 0.0852
6000000 0.0484 0.8646 0.087
6010000 0.05 0.864 0.086
6020000 0.0537 0.8596 0.0867
6030000 0.0555 0.8601 0.0844
6040000 0.0546 0.8609 0.0845
6050000 0.0516 0.8658 0.0826
6060000 0.0513 0.8649 0.0838
6070000 0.0482 0.8648 0.087
6080000 0.0485 0.8657 0.0858
6090000 0.0541 0.8582 0.0877
6100000 0.0527 0.8595 0.0878
6110000 0.0501 0.8606 0.0893
6120000 0.0496 0.8624 0.088
6130000 0.0551 0.8605 0.0844
6140000 0.0564 0.8595 0.0841
6150000 0.0532 0.8604 0.0864
6160000 0.0533 0.8611 0.0856
6170000 0.0528 0.8605 0.0867
6180000 0.0558 0.8625 0.0817
6190000 0.0527 0.8594 0.0879
6200000 0.0558 0.8606 0.0836
6210000 0.0546 0.8647 0.0807
6220000 0.0566 0.8656 0.0778
6230000 0.0539 0.8662 0.0799
6240000 0.0514 0.8658 0.0828
6250000 0.0476 0.8673 0.0851
6260000 0.0516 0.8662 0.0822
6270000 0.0544 0.8603 0.0853
6280000 0.0546 0.8595 0.0859
6290000 0.0537 0.8597 0.0866
6300000 0.0544 0.8639 0.0817
6310000 0.0504 0.8648 0.0848
6320000 0.0538 0.8604 0.0858
6330000 0.0536 0.8619 0.0845
6340000 0.0534 0.8609 0.0857
6350000 0.0508 0.863 0.0862
6360000 0.0542 0.8621 0.0837
6370000 0.0528 0.863 0.0842
6380000 0.0525 0.8616 0.0859
6390000 0.0508 0.8623 0.0869
6400000 0.0534 0.8603 0.0863
6410000 0.0557 0.8569 0.0874
6420000 0.0534 0.8592 0.0874
6430000 0.0549 0.8582 0.0869
6440000 0.0534 0.862 0.0846
6450000 0.0547 0.8598 0.0855
6460000 0.0512 0.861 0.0878
6470000 0.0516 0.8636 0.0848
6480000 0.0485 0.8694 0.0821
6490000 0.053 0.8633 0.0837
6500000 0.056 0.8558 0.0882
6510000 0.0576 0.8524 0.09
6520000 0.0589 0.851 0.0901
6530000 0.0601 0.8535 0.0864
6540000 0.055 0.8574 0.0876
6550000 0.0525 0.8601 0.0874
6560000 0.055 0.8593 0.0857
6570000 0.0546 0.86 0.0854
6580000 0.053 0.8637 0.0833
6590000 0.0498 0.862 0.0882
6600000 0.0529 0.857 0.0901
6610000 0.0587 0.8555 0.0858
6620000 0.0579 0.854 0.0881
6630000 0.0551 0.8581 0.0868
6640000 0.053 0.8629 0.0841
6650000 0.0503 0.8622 0.0875
6660000 0.0527 0.8628 0.0845
6670000 0.0525 0.8634 0.0841
6680000 0.0536 0.8641 0.0823
6690000 0.0525 0.8621 0.0854
6700000 0.0541 0.8619 0.084
6710000 0.0549 0.8637 0.0814
6720000 0.0505 0.869 0.0805
6730000 0.0503 0.8663 0.0834
6740000 0.0502 0.8627 0.0871
6750000 0.0523 0.8615 0.0862
6760000 0.0505 0.8587 0.0908
6770000 0.0524 0.8579 0.0897
6780000 0.0544 0.8577 0.0879
6790000 0.0553 0.8598 0.0849
6800000 0.0549 0.8578 0.0873
6810000 0.054 0.8617 0.0843
6820000 0.0524 0.8622 0.0854
6830000 0.0518 0.8615 0.0867
6840000 0.0522 0.861 0.0868
6850000 0.0555 0.862 0.0825
6860000 0.0528 0.8621 0.0851
6870000 0.0561 0.8645 0.0794
6880000 0.0534 0.8652 0.0814
6890000 0.0555 0.86 0.0845
6900000 0.0519 0.8615 0.0866
6910000 0.0506 0.8632 0.0862
6920000 0.0528 0.8581 0.0891
6930000 0.0526 0.8601 0.0873
6940000 0.0573 0.8592 0.0835
6950000 0.0531 0.8584 0.0885
6960000 0.0563 0.857 0.0867
6970000 0.052 0.8609 0.0871
6980000 0.0542 0.8608 0.085
6990000 0.0516 0.8634 0.085
7000000 0.05 0.8628 0.0872
7010000 0.0538 0.8588 0.0874
7020000 0.053 0.8612 0.0858
7030000 0.0527 0.8593 0.088
7040000 0.0517 0.8643 0.084
7050000 0.0543 0.8596 0.0861
7060000 0.0563 0.857 0.0867
7070000 0.0542 0.8611 0.0847
7080000 0.0547 0.8571 0.0882
7090000 0.051 0.8598 0.0892
7100000 0.0502 0.8637 0.0861
7110000 0.0525 0.8607 0.0868
7120000 0.0539 0.855 0.0911
7130000 0.058 0.8576 0.0844
7140000 0.0533 0.8619 0.0848
7150000 0.0551 0.8649 0.08
7160000 0.0546 0.8636 0.0818
7170000 0.0541 0.862 0.0839
7180000 0.0532 0.8635 0.0833
7190000 0.0543 0.8627 0.083
7200000 0.0508 0.8637 0.0855
7210000 0.0514 0.8649 0.0837
7220000 0.0556 0.8584 0.086
7230000 0.0546 0.8618 0.0836
7240000 0.0551 0.8615 0.0834
7250000 0.052 0.8635 0.0845
7260000 0.053 0.8629 0.0841
7270000 0.0503 0.8631 0.0866
7280000 0.0519 0.8589 0.0892
7290000 0.0528 0.8592 0.088
7300000 0.0525 0.8604 0.0871
7310000 0.0535 0.8553 0.0912
7320000 0.0524 0.8573 0.0903
7330000 0.0529 0.8551 0.092
7340000 0.0534 0.8531 0.0935
7350000 0.0562 0.8516 0.0922
7360000 0.0566 0.854 0.0894
7370000 0.0561 0.8555 0.0884
7380000 0.0537 0.8567 0.0896
7390000 0.0557 0.8578 0.0865
7400000 0.0556 0.8565 0.0879
7410000 0.0546 0.8567 0.0887
7420000 0.0583 0.8566 0.0851
7430000 0.0523 0.8624 0.0853
7440000 0.0528 0.8557 0.0915
7450000 0.0548 0.8583 0.0869
7460000 0.0532 0.8603 0.0865
7470000 0.0517 0.8602 0.0881
7480000 0.0518 0.8614 0.0868
7490000 0.0522 0.8586 0.0892
7500000 0.053 0.8561 0.0909
7510000 0.0564 0.8501 0.0935
7520000 0.0568 0.8546 0.0886
7530000 0.053 0.8606 0.0864
7540000 0.0518 0.8571 0.0911
7550000 0.0567 0.8532 0.0901
7560000 0.056 0.86 0.084
7570000 0.0546 0.8593 0.0861
7580000 0.0519 0.8601 0.088
7590000 0.0519 0.8591 0.089
7600000 0.0554 0.8626 0.082
7610000 0.0547 0.8592 0.0861
7620000 0.054 0.8629 0.0831
7630000 0.0523 0.8651 0.0826
7640000 0.0537 0.8623 0.084
7650000 0.0542 0.8635 0.0823
7660000 0.0548 0.863 0.0822
7670000 0.0503 0.8663 0.0834
7680000 0.0502 0.867 0.0828
7690000 0.0544 0.862 0.0836
7700000 0.0558 0.861 0.0832
7710000 0.0535 0.8605 0.086
7720000 0.053 0.8612 0.0858
7730000 0.0554 0.8597 0.0849
7740000 0.0534 0.8601 0.0865
7750000 0.0532 0.8605 0.0863
7760000 0.0534 0.8596 0.087
7770000 0.0554 0.8615 0.0831
7780000 0.052 0.8644 0.0836
7790000 0.052 0.863 0.085
7800000 0.0524 0.8637 0.0839
7810000 0.0503 0.8632 0.0865
7820000 0.0536 0.8601 0.0863
7830000 0.0524 0.8632 0.0844
7840000 0.0503 0.8648 0.0849
7850000 0.0536 0.8638 0.0826
7860000 0.0523 0.8633 0.0844
7870000 0.0519 0.8614 0.0867
7880000 0.052 0.8621 0.0859
7890000 0.0535 0.8635 0.083
7900000 0.0527 0.8656 0.0817
7910000 0.0519 0.8632 0.0849
7920000 0.0512 0.8624 0.0864
7930000 0.0531 0.8655 0.0814
7940000 0.0506 0.8677 0.0817
7950000 0.0521 0.8697 0.0782
7960000 0.0519 0.8672 0.0809
7970000 0.0507 0.8672 0.0821
7980000 0.0505 0.8615 0.088
7990000 0.0496 0.8584 0.092
8000000 0.0514 0.8598 0.0888
8010000 0.0523 0.8615 0.0862
8020000 0.0534 0.8612 0.0854
8030000 0.0526 0.8624 0.085
8040000 0.0518 0.8617 0.0865
8050000 0.0513 0.863 0.0857
8060000 0.0539 0.8578 0.0883
8070000 0.0532 0.8568 0.09
8080000 0.0559 0.8587 0.0854
8090000 0.0532 0.8596 0.0872
8100000 0.0567 0.8571 0.0862
8110000 0.0536 0.8576 0.0888
8120000 0.0558 0.8531 0.0911
8130000 0.0593 0.8557 0.085
8140000 0.0602 0.8604 0.0794
8150000 0.0536 0.8632 0.0832
8160000 0.0531 0.8599 0.087
8170000 0.0515 0.8594 0.0891
8180000 0.0507 0.8616 0.0877
8190000 0.053 0.8593 0.0877
8200000 0.0542 0.8584 0.0874
8210000 0.0583 0.8549 0.0868
8220000 0.0545 0.8594 0.0861
8230000 0.0526 0.8603 0.0871
8240000 0.0559 0.8562 0.0879
8250000 0.0581 0.8576 0.0843
8260000 0.0558 0.8578 0.0864
8270000 0.0547 0.8562 0.0891
8280000 0.057 0.8547 0.0883
8290000 0.0553 0.8628 0.0819
8300000 0.0529 0.8671 0.08
8310000 0.0521 0.8646 0.0833
8320000 0.053 0.8653 0.0817
8330000 0.0539 0.8633 0.0828
8340000 0.0522 0.8596 0.0882
8350000 0.0528 0.8545 0.0927
8360000 0.0546 0.8535 0.0919
8370000 0.0553 0.8595 0.0852
8380000 0.0559 0.8594 0.0847
8390000 0.0513 0.86 0.0887
8400000 0.0528 0.8595 0.0877
8410000 0.0525 0.8612 0.0863
8420000 0.0545 0.8578 0.0877
8430000 0.0542 0.8557 0.0901
8440000 0.0566 0.8553 0.0881
8450000 0.0548 0.8559 0.0893
8460000 0.0531 0.8608 0.0861
8470000 0.0527 0.8623 0.085
8480000 0.0512 0.8631 0.0857
8490000 0.053 0.8619 0.0851
8500000 0.0541 0.8568 0.0891
8510000 0.0545 0.8573 0.0882
8520000 0.0556 0.8567 0.0877
8530000 0.0552 0.8577 0.0871
8540000 0.0555 0.8591 0.0854
8550000 0.0526 0.8566 0.0908
8560000 0.0543 0.8595 0.0862
8570000 0.054 0.8589 0.0871
8580000 0.0556 0.8606 0.0838
8590000 0.0536 0.8641 0.0823
8600000 0.0513 0.8632 0.0855
8610000 0.0513 0.8623 0.0864
8620000 0.0535 0.8612 0.0853
8630000 0.052 0.8601 0.0879
8640000 0.0519 0.8586 0.0895
8650000 0.0491 0.8618 0.0891
8660000 0.0531 0.856 0.0909
8670000 0.0589 0.8556 0.0855
8680000 0.0549 0.8563 0.0888
8690000 0.0564 0.8547 0.0889
8700000 0.0529 0.8574 0.0897
8710000 0.0543 0.8602 0.0855
8720000 0.0557 0.8616 0.0827
8730000 0.0512 0.8642 0.0846
8740000 0.0508 0.8663 0.0829
8750000 0.0513 0.8644 0.0843
8760000 0.0513 0.865 0.0837
8770000 0.0489 0.8672 0.0839
8780000 0.0505 0.8639 0.0856
8790000 0.0529 0.8643 0.0828
8800000 0.0545 0.8602 0.0853
8810000 0.053 0.8602 0.0868
8820000 0.0562 0.8637 0.0801
8830000 0.0537 0.8619 0.0844
8840000 0.0515 0.8642 0.0843
8850000 0.0508 0.8657 0.0835
8860000 0.0517 0.865 0.0833
8870000 0.0515 0.8641 0.0844
8880000 0.0541 0.858 0.0879
8890000 0.0537 0.8566 0.0897
8900000 0.0529 0.8595 0.0876
8910000 0.0512 0.8619 0.0869
8920000 0.0504 0.8592 0.0904
8930000 0.0544 0.8559 0.0897
8940000 0.0528 0.8611 0.0861
8950000 0.0557 0.8586 0.0857
8960000 0.0536 0.8595 0.0869
8970000 0.055 0.8607 0.0843
8980000 0.0544 0.8604 0.0852
8990000 0.051 0.862 0.087
9000000 0.0505 0.863 0.0865
9010000 0.0496 0.8644 0.086
9020000 0.0492 0.8599 0.0909
9030000 0.0498 0.8588 0.0914
9040000 0.0522 0.859 0.0888
9050000 0.0527 0.8554 0.0919
9060000 0.0557 0.8539 0.0904
9070000 0.057 0.8531 0.0899
9080000 0.0562 0.8576 0.0862
9090000 0.0537 0.8589 0.0874
9100000 0.0565 0.8579 0.0856
9110000 0.0557 0.8594 0.0849
9120000 0.0543 0.8612 0.0845
9130000 0.0528 0.8625 0.0847
9140000 0.0517 0.8619 0.0864
9150000 0.0527 0.8604 0.0869
9160000 0.0527 0.8619 0.0854
9170000 0.0536 0.8617 0.0847
9180000 0.0552 0.8636 0.0812
9190000 0.0539 0.8634 0.0827
9200000 0.055 0.8598 0.0852
9210000 0.0556 0.8651 0.0793
9220000 0.0517 0.8679 0.0804
9230000 0.0529 0.8644 0.0827
9240000 0.0516 0.867 0.0814
9250000 0.0482 0.8663 0.0855
9260000 0.0507 0.8634 0.0859
9270000 0.0535 0.8624 0.0841
9280000 0.0544 0.8615 0.0841
9290000 0.0499 0.8609 0.0892
9300000 0.0506 0.8617 0.0877
9310000 0.0526 0.8574 0.09
9320000 0.0573 0.8569 0.0858
9330000 0.0548 0.8579 0.0873
9340000 0.0566 0.855 0.0884
9350000 0.0576 0.8595 0.0829
9360000 0.0529 0.8662 0.0809
9370000 0.0495 0.8675 0.083
9380000 0.0517 0.8684 0.0799
9390000 0.0497 0.8684 0.0819
9400000 0.0513 0.8664 0.0823
9410000 0.0542 0.861 0.0848
9420000 0.0516 0.8604 0.088
9430000 0.0539 0.8629 0.0832
9440000 0.0531 0.8618 0.0851
9450000 0.051 0.8664 0.0826
9460000 0.049 0.8606 0.0904
9470000 0.0509 0.8653 0.0838
9480000 0.056 0.8587 0.0853
9490000 0.0586 0.8564 0.085
9500000 0.0546 0.8578 0.0876
9510000 0.0533 0.8586 0.0881
9520000 0.0559 0.8561 0.088
9530000 0.0563 0.8629 0.0808
9540000 0.0556 0.8586 0.0858
9550000 0.053 0.862 0.085
9560000 0.053 0.8666 0.0804
9570000 0.05 0.865 0.085
9580000 0.0501 0.8623 0.0876
9590000 0.0529 0.8641 0.083
9600000 0.0563 0.8568 0.0869
9610000 0.0596 0.8554 0.085
9620000 0.055 0.858 0.087
9630000 0.0529 0.8632 0.0839
9640000 0.0515 0.8616 0.0869
9650000 0.0506 0.8582 0.0912
9660000 0.0521 0.8552 0.0927
9670000 0.0568 0.8569 0.0863
9680000 0.0562 0.8602 0.0836
9690000 0.0552 0.8601 0.0847
9700000 0.0524 0.8622 0.0854
9710000 0.0546 0.8595 0.0859
9720000 0.052 0.8622 0.0858
9730000 0.053 0.8612 0.0858
9740000 0.0506 0.8617 0.0877
9750000 0.0546 0.8608 0.0846
9760000 0.0545 0.8592 0.0863
9770000 0.0554 0.8609 0.0837
9780000 0.0548 0.8595 0.0857
9790000 0.0557 0.8617 0.0826
9800000 0.0541 0.8628 0.0831
9810000 0.0517 0.8631 0.0852
9820000 0.0541 0.8612 0.0847
9830000 0.0549 0.8597 0.0854
9840000 0.0538 0.8633 0.0829
9850000 0.0523 0.8588 0.0889
9860000 0.0559 0.8603 0.0838
9870000 0.0538 0.8614 0.0848
9880000 0.0522 0.8648 0.083
9890000 0.0503 0.8632 0.0865
9900000 0.0535 0.8597 0.0868
9910000 0.0524 0.8592 0.0884
9920000 0.0536 0.8591 0.0873
9930000 0.0558 0.8538 0.0904
9940000 0.054 0.861 0.085
9950000 0.0545 0.8596 0.0859
9960000 0.0556 0.8614 0.083
9970000 0.0544 0.8647 0.0809
9980000 0.055 0.8647 0.0803
9990000 0.0504 0.8632 0.0864
10000000 0.0544 0.8581 0.0875
10010000 0.0554 0.8561 0.0885
10020000 0.0542 0.8578 0.088
10030000 0.0524 0.8576 0.09
10040000 0.0569 0.8564 0.0867
10050000 0.0568 0.857 0.0862
10060000 0.0565 0.8568 0.0867
10070000 0.057 0.8587 0.0843
10080000 0.0551 0.8599 0.085
10090000 0.0531 0.8616 0.0853
10100000 0.0533 0.8643 0.0824
10110000 0.0524 0.8599 0.0877
10120000 0.0552 0.8588 0.086
10130000 0.0564 0.8564 0.0872
10140000 0.0573 0.8572 0.0855
10150000 0.0565 0.8585 0.085
10160000 0.0568 0.8534 0.0898
10170000 0.058 0.8582 0.0838
10180000 0.0526 0.8596 0.0878
10190000 0.0526 0.8579 0.0895
10200000 0.0574 0.8608 0.0818
10210000 0.0577 0.8592 0.0831
10220000 0.0545 0.863 0.0825
10230000 0.0508 0.8654 0.0838
10240000 0.0539 0.8597 0.0864
10250000 0.0539 0.8577 0.0884
10260000 0.0537 0.858 0.0883
10270000 0.0534 0.8579 0.0887
10280000 0.0545 0.8583 0.0872
10290000 0.0565 0.8566 0.0869
10300000 0.0564 0.8599 0.0837
10310000 0.0566 0.8631 0.0803
10320000 0.0535 0.8631 0.0834
10330000 0.0545 0.864 0.0815
10340000 0.0548 0.8615 0.0837
10350000 0.0527 0.8616 0.0857
10360000 0.0543 0.8602 0.0855
10370000 0.0519 0.8635 0.0846
10380000 0.0552 0.8608 0.084
10390000 0.0552 0.8605 0.0843
10400000 0.0521 0.8583 0.0896
10410000 0.0539 0.8549 0.0912
10420000 0.0567 0.8507 0.0926
10430000 0.0573 0.8535 0.0892
10440000 0.0568 0.8526 0.0906
10450000 0.0584 0.8525 0.0891
10460000 0.0551 0.8585 0.0864
10470000 0.0532 0.8627 0.0841
10480000 0.0543 0.8618 0.0839
10490000 0.052 0.8638 0.0842
10500000 0.0523 0.8619 0.0858
10510000 0.0542 0.8619 0.0839
10520000 0.0537 0.865 0.0813
10530000 0.0522 0.8638 0.084
10540000 0.0525 0.864 0.0835
10550000 0.0516 0.8647 0.0837
10560000 0.0587 0.8568 0.0845
10570000 0.0548 0.8621 0.0831
10580000 0.0543 0.8626 0.0831
10590000 0.0543 0.8629 0.0828
10600000 0.0508 0.8673 0.0819
10610000 0.0521 0.8631 0.0848
10620000 0.0512 0.8626 0.0862
10630000 0.0516 0.8616 0.0868
10640000 0.0552 0.8603 0.0845
10650000 0.0551 0.859 0.0859
10660000 0.0482 0.8617 0.0901
10670000 0.0551 0.858 0.0869
10680000 0.0563 0.8563 0.0874
10690000 0.0554 0.8639 0.0807
10700000 0.0541 0.8645 0.0814
10710000 0.0476 0.8682 0.0842
10720000 0.0514 0.8633 0.0853
10730000 0.0537 0.8631 0.0832
10740000 0.0534 0.8579 0.0887
10750000 0.0523 0.8593 0.0884
10760000 0.052 0.8612 0.0868
10770000 0.052 0.8605 0.0875
10780000 0.0525 0.8599 0.0876
10790000 0.0504 0.8614 0.0882
10800000 0.0539 0.8559 0.0902
10810000 0.0561 0.8557 0.0882
10820000 0.0519 0.8555 0.0926
10830000 0.0571 0.8555 0.0874
10840000 0.0583 0.8541 0.0876
10850000 0.0571 0.8557 0.0872
10860000 0.0582 0.8567 0.0851
10870000 0.0543 0.8603 0.0854
10880000 0.0553 0.8597 0.085
10890000 0.0527 0.8617 0.0856
10900000 0.0519 0.862 0.0861
10910000 0.0537 0.8621 0.0842
10920000 0.0541 0.8611 0.0848
10930000 0.0541 0.8622 0.0837
10940000 0.0531 0.8606 0.0863
10950000 0.0538 0.8645 0.0817
10960000 0.0517 0.8646 0.0837
10970000 0.0502 0.8639 0.0859
10980000 0.0504 0.8627 0.0869
10990000 0.0512 0.8633 0.0855
11000000 0.0514 0.8652 0.0834
11010000 0.0525 0.8645 0.083
11020000 0.0524 0.8585 0.0891
11030000 0.0532 0.8514 0.0954
11040000 0.0585 0.8462 0.0953
11050000 0.0584 0.8528 0.0888
11060000 0.0573 0.8563 0.0864
11070000 0.0543 0.8606 0.0851
11080000 0.0529 0.864 0.0831
11090000 0.0498 0.8631 0.0871
11100000 0.0515 0.8605 0.088
11110000 0.0537 0.8585 0.0878
11120000 0.0543 0.8605 0.0852
11130000 0.0529 0.8649 0.0822
11140000 0.0522 0.8622 0.0856
11150000 0.0516 0.8595 0.0889
11160000 0.053 0.8594 0.0876
11170000 0.0549 0.8606 0.0845
11180000 0.0547 0.8633 0.082
11190000 0.0512 0.8612 0.0876
11200000 0.0558 0.8589 0.0853
11210000 0.0573 0.8596 0.0831
11220000 0.0559 0.8625 0.0816
11230000 0.0556 0.8643 0.0801
11240000 0.0517 0.8653 0.083
11250000 0.0511 0.8691 0.0798
11260000 0.0497 0.8662 0.0841
11270000 0.0502 0.863 0.0868
11280000 0.0533 0.8648 0.0819
11290000 0.0543 0.8604 0.0853
11300000 0.051 0.8621 0.0869
11310000 0.0527 0.8648 0.0825
11320000 0.0524 0.8615 0.0861
11330000 0.05 0.8625 0.0875
11340000 0.0513 0.8619 0.0868
11350000 0.0512 0.8624 0.0864
11360000 0.0519 0.863 0.0851
11370000 0.0528 0.8601 0.0871
11380000 0.0536 0.858 0.0884
11390000 0.0552 0.8562 0.0886
11400000 0.054 0.859 0.087
11410000 0.0539 0.8617 0.0844
11420000 0.0559 0.8603 0.0838
11430000 0.0571 0.8624 0.0805
11440000 0.0562 0.8607 0.0831
11450000 0.0538 0.8658 0.0804
11460000 0.0503 0.8642 0.0855
11470000 0.0523 0.8677 0.08
11480000 0.0497 0.8649 0.0854
11490000 0.0521 0.8646 0.0833
11500000 0.055 0.8649 0.0801
11510000 0.0531 0.8627 0.0842
11520000 0.0539 0.8624 0.0837
11530000 0.0543 0.8617 0.084
11540000 0.0519 0.8627 0.0854
11550000 0.0522 0.8653 0.0825
11560000 0.0532 0.862 0.0848
11570000 0.0543 0.859 0.0867
11580000 0.0533 0.8633 0.0834
11590000 0.0553 0.8597 0.085
11600000 0.0551 0.8609 0.084
11610000 0.0555 0.8558 0.0887
11620000 0.0561 0.8556 0.0883
11630000 0.0535 0.8563 0.0902
11640000 0.0542 0.8538 0.092
11650000 0.0567 0.8489 0.0944
11660000 0.0576 0.8528 0.0896
11670000 0.0584 0.8541 0.0875
11680000 0.0535 0.8541 0.0924
11690000 0.0546 0.8558 0.0896
11700000 0.0529 0.8581 0.089
11710000 0.0538 0.8587 0.0875
11720000 0.054 0.8592 0.0868
11730000 0.0533 0.86 0.0867
11740000 0.0532 0.8604 0.0864
11750000 0.0518 0.8615 0.0867
11760000 0.0514 0.859 0.0896
11770000 0.0514 0.8607 0.0879
11780000 0.0527 0.8602 0.0871
11790000 0.0546 0.8601 0.0853
11800000 0.053 0.8558 0.0912
11810000 0.054 0.8576 0.0884
11820000 0.0541 0.8608 0.0851
11830000 0.0532 0.859 0.0878
11840000 0.0538 0.8616 0.0846
11850000 0.0519 0.8688 0.0793
11860000 0.052 0.8668 0.0812
11870000 0.0496 0.8685 0.0819
11880000 0.0512 0.8644 0.0844
11890000 0.0533 0.8602 0.0865
11900000 0.0554 0.8556 0.089
11910000 0.0561 0.8593 0.0846
11920000 0.0514 0.8643 0.0843
11930000 0.0526 0.8617 0.0857
11940000 0.0542 0.8603 0.0855
11950000 0.053 0.8609 0.0861
11960000 0.0527 0.8604 0.0869
11970000 0.0532 0.8596 0.0872
11980000 0.0544 0.8566 0.089
11990000 0.0529 0.8592 0.0879
12000000 0.0539 0.8595 0.0866
12010000 0.0554 0.8611 0.0835
12020000 0.0532 0.8642 0.0826
12030000 0.0549 0.8615 0.0836
12040000 0.0528 0.8616 0.0856
12050000 0.0534 0.8596 0.087
12060000 0.0552 0.8618 0.083
12070000 0.0561 0.8591 0.0848
12080000 0.0569 0.8593 0.0838
12090000 0.0551 0.8604 0.0845
12100000 0.0556 0.8602 0.0842
12110000 0.0553 0.861 0.0837
12120000 0.056 0.8554 0.0886
12130000 0.0598 0.853 0.0872
12140000 0.0585 0.8537 0.0878
12150000 0.0551 0.8572 0.0877
12160000 0.0576 0.8558 0.0866
12170000 0.059 0.8532 0.0878
12180000 0.0572 0.8551 0.0877
12190000 0.0559 0.8609 0.0832
12200000 0.0543 0.8615 0.0842
12210000 0.0528 0.8601 0.0871
12220000 0.0532 0.8583 0.0885
12230000 0.0553 0.8606 0.0841
12240000 0.0511 0.8595 0.0894
12250000 0.0537 0.8604 0.0859
12260000 0.0536 0.8626 0.0838
12270000 0.0558 0.8612 0.083
12280000 0.0524 0.8661 0.0815
12290000 0.0494 0.8667 0.0839
12300000 0.0484 0.8657 0.0859
12310000 0.0523 0.8592 0.0885
12320000 0.0526 0.8577 0.0897
12330000 0.0535 0.8566 0.0899
12340000 0.0552 0.8574 0.0874
12350000 0.0541 0.8569 0.089
12360000 0.0573 0.8558 0.0869
12370000 0.055 0.8594 0.0856
12380000 0.053 0.8644 0.0826
12390000 0.0519 0.8637 0.0844
12400000 0.0504 0.8646 0.085
12410000 0.0529 0.86 0.0871
12420000 0.0552 0.8588 0.086
12430000 0.0532 0.8623 0.0845
12440000 0.0541 0.858 0.0879
12450000 0.0553 0.8616 0.0831
12460000 0.0537 0.8638 0.0825
12470000 0.053 0.8655 0.0815
12480000 0.0518 0.8687 0.0795
12490000 0.0528 0.8652 0.082
12500000 0.0548 0.8628 0.0824
12510000 0.0522 0.8632 0.0846
12520000 0.0511 0.8661 0.0828
12530000 0.0547 0.8628 0.0825
12540000 0.0526 0.8639 0.0835
12550000 0.0515 0.8652 0.0833
12560000 0.0528 0.8628 0.0844
12570000 0.0519 0.8593 0.0888
12580000 0.0532 0.8598 0.087
12590000 0.0562 0.8625 0.0813
12600000 0.0525 0.8627 0.0848
12610000 0.0504 0.8628 0.0868
12620000 0.0531 0.8575 0.0894
12630000 0.0541 0.8596 0.0863
12640000 0.0576 0.8574 0.085
12650000 0.0534 0.8564 0.0902
12660000 0.0549 0.8557 0.0894
12670000 0.0537 0.8601 0.0862
12680000 0.0522 0.8598 0.088
12690000 0.0512 0.8608 0.088
12700000 0.0539 0.8612 0.0849
12710000 0.0559 0.8567 0.0874
12720000 0.0548 0.8584 0.0868
12730000 0.0539 0.864 0.0821
12740000 0.0529 0.8634 0.0837
12750000 0.0503 0.8656 0.0841
12760000 0.0515 0.8615 0.087
12770000 0.0543 0.8587 0.087
12780000 0.0536 0.86 0.0864
12790000 0.0516 0.8631 0.0853
12800000 0.0549 0.8594 0.0857
12810000 0.0528 0.8599 0.0873
12820000 0.0503 0.8575 0.0922
12830000 0.0507 0.861 0.0883
12840000 0.0561 0.8621 0.0818
12850000 0.0555 0.8583 0.0862
12860000 0.0567 0.8559 0.0874
12870000 0.0557 0.8588 0.0855
12880000 0.0538 0.8614 0.0848
12890000 0.0528 0.8586 0.0886
12900000 0.0532 0.8612 0.0856
12910000 0.0556 0.8581 0.0863
12920000 0.0545 0.8576 0.0879
12930000 0.0531 0.8542 0.0927
12940000 0.0577 0.8535 0.0888
12950000 0.0598 0.8597 0.0805
12960000 0.0576 0.8605 0.0819
12970000 0.058 0.8589 0.0831
12980000 0.0541 0.8629 0.083
12990000 0.052 0.8614 0.0866
13000000 0.0504 0.8633 0.0863
13010000 0.0527 0.8625 0.0848
13020000 0.0534 0.8589 0.0877
13030000 0.0557 0.8528 0.0915
13040000 0.0583 0.8537 0.088
13050000 0.0547 0.8578 0.0875
13060000 0.0555 0.859 0.0855
13070000 0.0575 0.8597 0.0828
13080000 0.0539 0.86 0.0861
13090000 0.0538 0.8652 0.081
13100000 0.0524 0.8645 0.0831
13110000 0.0512 0.8632 0.0856
13120000 0.0562 0.8618 0.082
13130000 0.0543 0.859 0.0867
13140000 0.0552 0.8585 0.0863
13150000 0.0546 0.8591 0.0863
13160000 0.0542 0.8589 0.0869
13170000 0.0549 0.8613 0.0838
13180000 0.057 0.8598 0.0832
13190000 0.0501 0.8643 0.0856
13200000 0.0509 0.8635 0.0856
13210000 0.0525 0.8647 0.0828
13220000 0.0522 0.8675 0.0803
13230000 0.0526 0.8647 0.0827
13240000 0.0538 0.8589 0.0873
13250000 0.0573 0.8581 0.0846
13260000 0.0558 0.8586 0.0856
13270000 0.0515 0.8579 0.0906
13280000 0.054 0.8576 0.0884
13290000 0.0541 0.8562 0.0897
13300000 0.051 0.8594 0.0896
13310000 0.0539 0.8566 0.0895
13320000 0.0549 0.8581 0.087
13330000 0.0523 0.8592 0.0885
13340000 0.0507 0.8625 0.0868
13350000 0.0516 0.8592 0.0892
13360000 0.0513 0.8567 0.092
13370000 0.0553 0.8554 0.0893
13380000 0.0583 0.8518 0.0899
13390000 0.056 0.8578 0.0862
13400000 0.0541 0.8626 0.0833
13410000 0.0522 0.8676 0.0802
13420000 0.0534 0.8623 0.0843
13430000 0.0544 0.8648 0.0808
13440000 0.0532 0.8662 0.0806
13450000 0.0532 0.8637 0.0831
13460000 0.05 0.864 0.086
13470000 0.0538 0.8627 0.0835
13480000 0.0499 0.8692 0.0809
13490000 0.0538 0.8668 0.0794
13500000 0.0507 0.8644 0.0849
13510000 0.0524 0.8639 0.0837
13520000 0.0525 0.8619 0.0856
13530000 0.0524 0.861 0.0866
13540000 0.0552 0.8596 0.0852
13550000 0.056 0.8605 0.0835
13560000 0.0533 0.866 0.0807
13570000 0.0535 0.865 0.0815
13580000 0.0523 0.865 0.0827
13590000 0.0542 0.8619 0.0839
13600000 0.0508 0.8653 0.0839
13610000 0.05 0.8625 0.0875
13620000 0.0529 0.862 0.0851
13630000 0.0534 0.865 0.0816
13640000 0.051 0.8644 0.0846
13650000 0.0518 0.8607 0.0875
13660000 0.0536 0.8588 0.0876
13670000 0.0543 0.8597 0.086
13680000 0.0561 0.8578 0.0861
13690000 0.0542 0.8605 0.0853
13700000 0.0538 0.8602 0.086
13710000 0.0537 0.8567 0.0896
13720000 0.0544 0.8544 0.0912
13730000 0.0568 0.8546 0.0886
13740000 0.0536 0.8591 0.0873
13750000 0.0524 0.8571 0.0905
13760000 0.0572 0.8572 0.0856
13770000 0.0566 0.8601 0.0833
13780000 0.0576 0.8611 0.0813
13790000 0.0557 0.865 0.0793
13800000 0.0519 0.8657 0.0824
13810000 0.0512 0.8619 0.0869
13820000 0.0525 0.8556 0.0919
13830000 0.0535 0.8572 0.0893
13840000 0.0535 0.8545 0.092
13850000 0.0547 0.8564 0.0889
13860000 0.0559 0.8579 0.0862
13870000 0.056 0.8638 0.0802
13880000 0.0528 0.8639 0.0833
13890000 0.053 0.8655 0.0815
13900000 0.0507 0.8643 0.085
13910000 0.0519 0.8635 0.0846
13920000 0.0545 0.8664 0.0791
13930000 0.0525 0.8603 0.0872
13940000 0.054 0.8616 0.0844
13950000 0.0532 0.8591 0.0877
13960000 0.0542 0.8538 0.092
13970000 0.0588 0.8539 0.0873
13980000 0.0547 0.86 0.0853
13990000 0.0546 0.8625 0.0829
14000000 0.0535 0.8653 0.0812
14010000 0.0523 0.8614 0.0863
14020000 0.0526 0.8661 0.0813
14030000 0.0515 0.8664 0.0821
14040000 0.0499 0.8673 0.0828
14050000 0.0475 0.8655 0.087
14060000 0.052 0.8616 0.0864
14070000 0.0527 0.861 0.0863
14080000 0.0537 0.8589 0.0874
14090000 0.052 0.859 0.089
14100000 0.0526 0.8572 0.0902
14110000 0.0527 0.8615 0.0858
14120000 0.0483 0.865 0.0867
14130000 0.0537 0.8595 0.0868
14140000 0.0566 0.8593 0.0841
14150000 0.0501 0.8621 0.0878
14160000 0.0539 0.8638 0.0823
14170000 0.0535 0.8652 0.0813
14180000 0.0523 0.8637 0.084
14190000 0.0527 0.8638 0.0835
14200000 0.0563 0.8622 0.0815
14210000 0.0591 0.8582 0.0827
14220000 0.0564 0.8587 0.0849
14230000 0.0553 0.8588 0.0859
14240000 0.052 0.8584 0.0896
14250000 0.0539 0.8565 0.0896
14260000 0.0541 0.8551 0.0908
14270000 0.0547 0.8598 0.0855
14280000 0.054 0.856 0.09
14290000 0.0516 0.8609 0.0875
14300000 0.0537 0.859 0.0873
14310000 0.0524 0.8612 0.0864
14320000 0.0511 0.8646 0.0843
14330000 0.0551 0.8623 0.0826
14340000 0.0532 0.8645 0.0823
14350000 0.0541 0.8626 0.0833
14360000 0.0521 0.865 0.0829
14370000 0.054 0.8618 0.0842
14380000 0.0547 0.8622 0.0831
14390000 0.0539 0.8632 0.0829
14400000 0.0546 0.8607 0.0847
14410000 0.054 0.8623 0.0837
14420000 0.0521 0.8599 0.088
14430000 0.0526 0.8598 0.0876
14440000 0.0533 0.8622 0.0845
14450000 0.0515 0.8597 0.0888
14460000 0.0573 0.8583 0.0844
14470000 0.0548 0.8603 0.0849
14480000 0.0542 0.8613 0.0845
14490000 0.0546 0.8617 0.0837
14500000 0.0545 0.8571 0.0884
14510000 0.057 0.8524 0.0906
14520000 0.0549 0.8545 0.0906
14530000 0.0568 0.8568 0.0864
14540000 0.0558 0.8584 0.0858
14550000 0.0515 0.8608 0.0877
14560000 0.0531 0.8613 0.0856
14570000 0.0554 0.8573 0.0873
14580000 0.0547 0.862 0.0833
14590000 0.0575 0.8587 0.0838
14600000 0.0539 0.8619 0.0842
14610000 0.0501 0.8656 0.0843
14620000 0.0494 0.8641 0.0865
14630000 0.0526 0.8593 0.0881
14640000 0.0569 0.8608 0.0823
14650000 0.0541 0.8633 0.0826
14660000 0.0529 0.8635 0.0836
14670000 0.0528 0.8643 0.0829
14680000 0.0521 0.8608 0.0871
14690000 0.0544 0.8604 0.0852
14700000 0.0532 0.8645 0.0823
14710000 0.0535 0.8623 0.0842
14720000 0.0515 0.8659 0.0826
14730000 0.0522 0.8656 0.0822
14740000 0.0524 0.8635 0.0841
14750000 0.0543 0.8618 0.0839
14760000 0.0531 0.8607 0.0862
14770000 0.0524 0.8633 0.0843
14780000 0.0549 0.8586 0.0865
14790000 0.0569 0.8637 0.0794
14800000 0.0532 0.8617 0.0851
14810000 0.0538 0.8624 0.0838
14820000 0.0526 0.8629 0.0845
14830000 0.0536 0.8623 0.0841
14840000 0.0545 0.8599 0.0856
14850000 0.0538 0.8596 0.0866
14860000 0.0544 0.8621 0.0835
14870000 0.0545 0.8624 0.0831
14880000 0.0543 0.8609 0.0848
14890000 0.0557 0.8605 0.0838
14900000 0.0588 0.8603 0.0809
14910000 0.0525 0.8578 0.0897
14920000 0.0508 0.8584 0.0908
14930000 0.0545 0.8503 0.0952
14940000 0.0568 0.8521 0.0911
14950000 0.0589 0.8546 0.0865
14960000 0.0566 0.8638 0.0796
14970000 0.0532 0.8631 0.0837
14980000 0.0529 0.8658 0.0813
14990000 0.0545 0.8543 0.0912
15000000 0.0537 0.855 0.0913
15010000 0.0553 0.8593 0.0854
15020000 0.0552 0.857 0.0878
15030000 0.0556 0.8599 0.0845
15040000 0.0548 0.8572 0.088
15050000 0.0598 0.8532 0.087
15060000 0.0588 0.8552 0.086
15070000 0.054 0.8626 0.0834
15080000 0.0525 0.8634 0.0841
15090000 0.0521 0.8584 0.0895
15100000 0.0535 0.8512 0.0953
15110000 0.0546 0.8577 0.0877
15120000 0.0551 0.8618 0.0831
15130000 0.0544 0.8625 0.0831
15140000 0.056 0.859 0.085
15150000 0.0539 0.8596 0.0865
15160000 0.0541 0.8544 0.0915
15170000 0.0539 0.8582 0.0879
15180000 0.0546 0.8561 0.0893
15190000 0.0559 0.8564 0.0877
15200000 0.0543 0.86 0.0857
15210000 0.0528 0.862 0.0852
15220000 0.0523 0.8625 0.0852
15230000 0.0541 0.8616 0.0843
15240000 0.0515 0.8612 0.0873
15250000 0.0519 0.858 0.0901
15260000 0.0563 0.8573 0.0864
15270000 0.0543 0.8577 0.088
15280000 0.0554 0.8576 0.087
15290000 0.0539 0.8624 0.0837
15300000 0.0504 0.862 0.0876
15310000 0.0528 0.8615 0.0857
15320000 0.0556 0.8598 0.0846
15330000 0.0557 0.8569 0.0874
15340000 0.0546 0.8569 0.0885
15350000 0.0552 0.853 0.0918
15360000 0.0576 0.8534 0.089
15370000 0.0567 0.8546 0.0887
15380000 0.0545 0.8569 0.0886
15390000 0.0522 0.8561 0.0917
15400000 0.0541 0.8589 0.087
15410000 0.0567 0.857 0.0863
15420000 0.0573 0.8575 0.0852
15430000 0.0591 0.8554 0.0855
15440000 0.0534 0.8609 0.0857
15450000 0.0503 0.8627 0.087
15460000 0.0528 0.8574 0.0898
15470000 0.0573 0.8608 0.0819
15480000 0.0541 0.8611 0.0848
15490000 0.0514 0.8628 0.0858
15500000 0.0523 0.8601 0.0876
15510000 0.0529 0.862 0.0851
15520000 0.0569 0.8606 0.0825
15530000 0.0539 0.8606 0.0855
15540000 0.0515 0.8613 0.0872
15550000 0.052 0.8572 0.0908
15560000 0.054 0.8548 0.0912
15570000 0.0533 0.8564 0.0903
15580000 0.0555 0.8564 0.0881
15590000 0.0562 0.8594 0.0844
15600000 0.0511 0.8615 0.0874
15610000 0.0516 0.8626 0.0858
15620000 0.053 0.864 0.083
15630000 0.0533 0.8605 0.0862
15640000 0.0567 0.8618 0.0815
15650000 0.052 0.8608 0.0872
15660000 0.0532 0.8572 0.0896
15670000 0.0564 0.8509 0.0927
15680000 0.0548 0.8517 0.0935
15690000 0.0571 0.852 0.0909
15700000 0.0551 0.8528 0.0921
15710000 0.0599 0.8541 0.086
15720000 0.0559 0.8636 0.0805
15730000 0.0527 0.867 0.0803
15740000 0.0501 0.8677 0.0822
15750000 0.0512 0.8663 0.0825
15760000 0.0515 0.8648 0.0837
15770000 0.0517 0.8634 0.0849
15780000 0.0509 0.8617 0.0874
15790000 0.0522 0.8613 0.0865
15800000 0.054 0.8575 0.0885
15810000 0.052 0.8595 0.0885
15820000 0.0528 0.8607 0.0865
15830000 0.0524 0.8631 0.0845
15840000 0.0547 0.8619 0.0834
15850000 0.0533 0.8613 0.0854
15860000 0.0536 0.861 0.0854
15870000 0.0523 0.8588 0.0889
15880000 0.0509 0.8652 0.0839
15890000 0.0509 0.8642 0.0849
15900000 0.0534 0.8609 0.0857
15910000 0.0523 0.8631 0.0846
15920000 0.0549 0.8599 0.0852
15930000 0.0543 0.8611 0.0846
15940000 0.0531 0.859 0.0879
15950000 0.0531 0.8591 0.0878
15960000 0.0513 0.8605 0.0882
15970000 0.0544 0.8579 0.0877
15980000 0.056 0.8558 0.0882
15990000 0.0558 0.8569 0.0873
16000000 0.0559 0.8565 0.0876
16010000 0.0544 0.8591 0.0865
16020000 0.0543 0.8579 0.0878
16030000 0.0561 0.857 0.0869
16040000 0.0551 0.8595 0.0854
16050000 0.0541 0.8575 0.0884
16060000 0.0559 0.8582 0.0859
16070000 0.0566 0.8601 0.0833
16080000 0.0542 0.863 0.0828
16090000 0.0561 0.8589 0.085
16100000 0.0533 0.8599 0.0868
16110000 0.0559 0.858 0.0861
16120000 0.0549 0.8603 0.0848
16130000 0.0551 0.8607 0.0842
16140000 0.0561 0.8618 0.0821
16150000 0.0542 0.8633 0.0825
16160000 0.0546 0.8581 0.0873
16170000 0.058 0.8541 0.0879
16180000 0.0558 0.8572 0.087
16190000 0.0529 0.8625 0.0846
16200000 0.0522 0.8648 0.083
16210000 0.0519 0.8674 0.0807
16220000 0.0494 0.8639 0.0867
16230000 0.0527 0.8635 0.0838
16240000 0.0547 0.8639 0.0814
16250000 0.0544 0.8656 0.08
16260000 0.0535 0.8618 0.0847
16270000 0.0534 0.8575 0.0891
16280000 0.0531 0.8598 0.0871
16290000 0.0578 0.8568 0.0854
16300000 0.0567 0.855 0.0883
16310000 0.0535 0.8614 0.0851
16320000 0.054 0.8634 0.0826
16330000 0.0524 0.8645 0.0831
16340000 0.0514 0.8635 0.0851
16350000 0.0513 0.8614 0.0873
16360000 0.0538 0.8618 0.0844
16370000 0.0542 0.8644 0.0814
16380000 0.0543 0.8631 0.0826
16390000 0.0555 0.8625 0.082
16400000 0.0519 0.8642 0.0839
16410000 0.0532 0.8603 0.0865
16420000 0.0508 0.8582 0.091
16430000 0.0545 0.8552 0.0903
16440000 0.0562 0.8581 0.0857
16450000 0.0546 0.8594 0.086
16460000 0.0549 0.8619 0.0832
16470000 0.0509 0.8671 0.082
16480000 0.0541 0.862 0.0839
16490000 0.0544 0.859 0.0866
16500000 0.0562 0.8578 0.086
16510000 0.0568 0.8598 0.0834
16520000 0.0568 0.8572 0.086
16530000 0.0545 0.8588 0.0867
16540000 0.0563 0.8596 0.0841
16550000 0.0549 0.8634 0.0817
16560000 0.0512 0.8629 0.0859
16570000 0.0548 0.861 0.0842
16580000 0.0529 0.8588 0.0883
16590000 0.0526 0.8659 0.0815
16600000 0.0547 0.8648 0.0805
16610000 0.0526 0.8622 0.0852
16620000 0.0514 0.8605 0.0881
16630000 0.0556 0.856 0.0884
16640000 0.0576 0.8575 0.0849
16650000 0.052 0.8602 0.0878
16660000 0.0531 0.8582 0.0887
16670000 0.0564 0.8604 0.0832
16680000 0.0553 0.857 0.0877
16690000 0.0571 0.8601 0.0828
16700000 0.0565 0.8568 0.0867
16710000 0.0529 0.8585 0.0886
16720000 0.0541 0.8578 0.0881
16730000 0.0542 0.8603 0.0855
16740000 0.0562 0.8598 0.084
16750000 0.0525 0.8648 0.0827
16760000 0.054 0.8594 0.0866
16770000 0.0546 0.8573 0.0881
16780000 0.0551 0.8547 0.0902
16790000 0.0527 0.8593 0.088
16800000 0.0539 0.8605 0.0856
16810000 0.0534 0.8627 0.0839
16820000 0.0519 0.8611 0.087
16830000 0.0538 0.8613 0.0849
16840000 0.0517 0.8615 0.0868
16850000 0.0543 0.8626 0.0831
16860000 0.0543 0.8642 0.0815
16870000 0.054 0.8621 0.0839
16880000 0.0554 0.8604 0.0842
16890000 0.0509 0.8642 0.0849
16900000 0.0513 0.8602 0.0885
16910000 0.0545 0.8584 0.0871
16920000 0.0533 0.8573 0.0894
16930000 0.0508 0.8643 0.0849
16940000 0.0532 0.8584 0.0884
16950000 0.0559 0.8584 0.0857
16960000 0.0519 0.8607 0.0874
16970000 0.0563 0.8587 0.085
16980000 0.0535 0.863 0.0835
16990000 0.0527 0.8624 0.0849
17000000 0.0508 0.8657 0.0835
17010000 0.0534 0.8661 0.0805
17020000 0.054 0.8659 0.0801
17030000 0.0539 0.8681 0.078
17040000 0.0575 0.8626 0.0799
17050000 0.0572 0.8601 0.0827
17060000 0.0555 0.8585 0.086
17070000 0.0556 0.8578 0.0866
17080000 0.0569 0.8558 0.0873
17090000 0.0559 0.8573 0.0868
17100000 0.0559 0.8591 0.085
17110000 0.0508 0.8628 0.0864
17120000 0.0502 0.8639 0.0859
17130000 0.0516 0.8612 0.0872
17140000 0.0533 0.8603 0.0864
17150000 0.0551 0.8556 0.0893
17160000 0.0555 0.856 0.0885
17170000 0.0556 0.8572 0.0872
17180000 0.0534 0.8565 0.0901
17190000 0.0542 0.8572 0.0886
17200000 0.0516 0.8639 0.0845
17210000 0.0527 0.8624 0.0849
17220000 0.05 0.8639 0.0861
17230000 0.0534 0.8573 0.0893
17240000 0.0553 0.8604 0.0843
17250000 0.0543 0.8612 0.0845
17260000 0.0579 0.856 0.0861
17270000 0.0562 0.8615 0.0823
17280000 0.0533 0.8645 0.0822
17290000 0.0511 0.8685 0.0804
17300000 0.0512 0.8701 0.0787
17310000 0.0521 0.8678 0.0801
17320000 0.0466 0.8711 0.0823
17330000 0.0477 0.867 0.0853
17340000 0.0485 0.8654 0.0861
17350000 0.0544 0.8631 0.0825
17360000 0.0521 0.8648 0.0831
17370000 0.0511 0.862 0.0869
17380000 0.056 0.8607 0.0833
17390000 0.0547 0.8572 0.0881
17400000 0.0546 0.8591 0.0863
17410000 0.0527 0.8602 0.0871
17420000 0.0518 0.8577 0.0905
17430000 0.0527 0.8596 0.0877
17440000 0.0535 0.8574 0.0891
17450000 0.053 0.8566 0.0904
17460000 0.0534 0.8581 0.0885
17470000 0.0596 0.8534 0.087
17480000 0.058 0.8551 0.0869
17490000 0.0541 0.857 0.0889
17500000 0.0504 0.8618 0.0878
17510000 0.0537 0.8616 0.0847
17520000 0.0501 0.8653 0.0846
17530000 0.0554 0.8589 0.0857
17540000 0.055 0.8598 0.0852
17550000 0.0509 0.8594 0.0897
17560000 0.0544 0.856 0.0896
17570000 0.0546 0.8586 0.0868
17580000 0.0552 0.86 0.0848
17590000 0.0544 0.8605 0.0851
17600000 0.0543 0.8584 0.0873
17610000 0.0579 0.856 0.0861
17620000 0.0568 0.8577 0.0855
17630000 0.0515 0.8632 0.0853
17640000 0.0536 0.8595 0.0869
17650000 0.0543 0.8596 0.0861
17660000 0.0532 0.8638 0.083
17670000 0.0507 0.8658 0.0835
17680000 0.052 0.8654 0.0826
17690000 0.0517 0.8655 0.0828
17700000 0.0509 0.864 0.0851
17710000 0.0533 0.863 0.0837
17720000 0.0541 0.8609 0.085
17730000 0.0567 0.8604 0.0829
17740000 0.0571 0.8615 0.0814
17750000 0.055 0.8629 0.0821
17760000 0.0519 0.8676 0.0805
17770000 0.0487 0.8637 0.0876
17780000 0.0506 0.8634 0.086
17790000 0.0543 0.8591 0.0866
17800000 0.0527 0.8602 0.0871
17810000 0.0533 0.8563 0.0904
17820000 0.0555 0.8581 0.0864
17830000 0.0544 0.8586 0.087
17840000 0.0559 0.8571 0.087
17850000 0.0565 0.8556 0.0879
17860000 0.0526 0.8572 0.0902
17870000 0.0554 0.8573 0.0873
17880000 0.0542 0.8581 0.0877
17890000 0.0532 0.8594 0.0874
17900000 0.0538 0.8623 0.0839
17910000 0.0548 0.863 0.0822
17920000 0.0541 0.8616 0.0843
17930000 0.0551 0.8614 0.0835
17940000 0.0563 0.8623 0.0814
17950000 0.0538 0.867 0.0792
17960000 0.0537 0.8633 0.083
17970000 0.052 0.8621 0.0859
17980000 0.0562 0.8583 0.0855
17990000 0.0573 0.86 0.0827
18000000 0.0548 0.8616 0.0836
18010000 0.0519 0.8609 0.0872
18020000 0.0529 0.86 0.0871
18030000 0.0547 0.8568 0.0885
18040000 0.0537 0.8628 0.0835
18050000 0.0532 0.8646 0.0822
18060000 0.0526 0.8617 0.0857
18070000 0.0559 0.8616 0.0825
18080000 0.049 0.8647 0.0863
18090000 0.0521 0.8632 0.0847
18100000 0.0504 0.8627 0.0869
18110000 0.0534 0.8602 0.0864
18120000 0.0537 0.8632 0.0831
18130000 0.0511 0.8644 0.0845
18140000 0.0557 0.865 0.0793
18150000 0.0512 0.8636 0.0852
18160000 0.0527 0.8641 0.0832
18170000 0.0504 0.8631 0.0865
18180000 0.0559 0.8599 0.0842
18190000 0.0528 0.861 0.0862
18200000 0.0539 0.8601 0.086
18210000 0.0499 0.8673 0.0828
18220000 0.0505 0.864 0.0855
18230000 0.0552 0.862 0.0828
18240000 0.0548 0.8582 0.087
18250000 0.0574 0.86 0.0826
18260000 0.0529 0.8623 0.0848
18270000 0.0529 0.8636 0.0835
18280000 0.0525 0.8627 0.0848
18290000 0.0528 0.8621 0.0851
18300000 0.0554 0.8612 0.0834
18310000 0.0499 0.8664 0.0837
18320000 0.0487 0.8659 0.0854
18330000 0.0505 0.864 0.0855
18340000 0.0543 0.8612 0.0845
18350000 0.0514 0.8632 0.0854
18360000 0.0507 0.8622 0.0871
18370000 0.0521 0.8604 0.0875
18380000 0.0529 0.8549 0.0922
18390000 0.0517 0.8597 0.0886
18400000 0.0543 0.8609 0.0848
18410000 0.0518 0.8596 0.0886
18420000 0.0521 0.8579 0.09
18430000 0.0532 0.8577 0.0891
18440000 0.0534 0.8597 0.0869
18450000 0.0526 0.8667 0.0807
18460000 0.054 0.8655 0.0805
18470000 0.0513 0.8664 0.0823
18480000 0.0512 0.8696 0.0792
18490000 0.0523 0.8637 0.084
18500000 0.0536 0.8617 0.0847
18510000 0.0524 0.8635 0.0841
18520000 0.0543 0.8625 0.0832
18530000 0.0541 0.8593 0.0866
18540000 0.0536 0.8586 0.0878
18550000 0.0554 0.8561 0.0885
18560000 0.0552 0.859 0.0858
18570000 0.0522 0.8595 0.0883
18580000 0.0534 0.8603 0.0863
18590000 0.0516 0.8653 0.0831
18600000 0.051 0.867 0.082
18610000 0.0493 0.8635 0.0872
18620000 0.0501 0.8585 0.0914
18630000 0.0551 0.8511 0.0938
18640000 0.0565 0.853 0.0905
18650000 0.0528 0.8587 0.0885
18660000 0.0521 0.8617 0.0862
18670000 0.0558 0.8632 0.081
18680000 0.0553 0.862 0.0827
18690000 0.0541 0.861 0.0849
18700000 0.0541 0.8619 0.084
18710000 0.052 0.8647 0.0833
18720000 0.052 0.8621 0.0859
18730000 0.0514 0.8606 0.088
18740000 0.0519 0.8595 0.0886
18750000 0.0502 0.8617 0.0881
18760000 0.0508 0.8586 0.0906
18770000 0.0525 0.8577 0.0898
18780000 0.0537 0.8569 0.0894
18790000 0.0554 0.8581 0.0865
18800000 0.0521 0.8603 0.0876
18810000 0.0502 0.8669 0.0829
18820000 0.0538 0.8667 0.0795
18830000 0.053 0.8671 0.0799
18840000 0.0537 0.8661 0.0802
18850000 0.0514 0.8645 0.0841
18860000 0.052 0.86 0.088
18870000 0.0543 0.858 0.0877
18880000 0.0548 0.859 0.0862
18890000 0.0542 0.8639 0.0819
18900000 0.0512 0.8618 0.087
18910000 0.0535 0.8602 0.0863
18920000 0.0535 0.8618 0.0847
18930000 0.0551 0.8591 0.0858
18940000 0.0577 0.8584 0.0839
18950000 0.0533 0.8608 0.0859
18960000 0.0556 0.8602 0.0842
18970000 0.0551 0.8599 0.085
18980000 0.0552 0.8588 0.086
18990000 0.0531 0.8575 0.0894
19000000 0.051 0.8603 0.0887
19010000 0.0506 0.8569 0.0925
19020000 0.0548 0.8572 0.088
19030000 0.0582 0.8577 0.0841
19040000 0.0561 0.8605 0.0834
19050000 0.0538 0.8631 0.0831
19060000 0.0529 0.863 0.0841
19070000 0.0567 0.8578 0.0855
19080000 0.0561 0.8595 0.0844
19090000 0.0544 0.8597 0.0859
19100000 0.051 0.8601 0.0889
19110000 0.051 0.8643 0.0847
19120000 0.0512 0.8636 0.0852
19130000 0.051 0.8619 0.0871
19140000 0.0534 0.8599 0.0867
19150000 0.0519 0.8627 0.0854
19160000 0.053 0.8641 0.0829
19170000 0.0495 0.8626 0.0879
19180000 0.0517 0.8594 0.0889
19190000 0.052 0.8574 0.0906
19200000 0.0555 0.8547 0.0898
19210000 0.0533 0.8556 0.0911
19220000 0.0551 0.8605 0.0844
19230000 0.0572 0.8579 0.0849
19240000 0.0587 0.8563 0.085
19250000 0.0551 0.8603 0.0846
19260000 0.0539 0.8583 0.0878
19270000 0.0511 0.8606 0.0883
19280000 0.0531 0.8626 0.0843
19290000 0.0531 0.8644 0.0825
19300000 0.0535 0.8618 0.0847
19310000 0.058 0.8583 0.0837
19320000 0.0564 0.86 0.0836
19330000 0.0537 0.8598 0.0865
19340000 0.0529 0.8601 0.087
19350000 0.0545 0.8569 0.0886
19360000 0.0572 0.8589 0.0839
19370000 0.0556 0.8618 0.0826
19380000 0.0553 0.8587 0.086
19390000 0.0537 0.8594 0.0869
19400000 0.0541 0.8576 0.0883
19410000 0.0558 0.8564 0.0878
19420000 0.0542 0.8602 0.0856
19430000 0.0546 0.8623 0.0831
19440000 0.0538 0.8594 0.0868
19450000 0.0535 0.8594 0.0871
19460000 0.0559 0.86 0.0841
19470000 0.0527 0.8577 0.0896
19480000 0.0528 0.8601 0.0871
19490000 0.0539 0.8625 0.0836
19500000 0.0554 0.8616 0.083
19510000 0.0564 0.8599 0.0837
19520000 0.0534 0.8625 0.0841
19530000 0.0527 0.8634 0.0839
19540000 0.0534 0.8607 0.0859
19550000 0.0508 0.8614 0.0878
19560000 0.0547 0.859 0.0863
19570000 0.0542 0.8613 0.0845
19580000 0.0514 0.8623 0.0863
19590000 0.0538 0.8611 0.0851
19600000 0.057 0.8579 0.0851
19610000 0.0568 0.8581 0.0851
19620000 0.0505 0.8608 0.0887
19630000 0.0547 0.8609 0.0844
19640000 0.057 0.8603 0.0827
19650000 0.0566 0.8635 0.0799
19660000 0.0567 0.8598 0.0835
19670000 0.0576 0.8578 0.0846
19680000 0.051 0.8646 0.0844
19690000 0.0559 0.8608 0.0833
19700000 0.052 0.8672 0.0808
19710000 0.0491 0.8676 0.0833
19720000 0.0521 0.8648 0.0831
19730000 0.0532 0.8645 0.0823
19740000 0.0525 0.8659 0.0816
19750000 0.0514 0.8654 0.0832
19760000 0.0497 0.8654 0.0849
19770000 0.0559 0.8639 0.0802
19780000 0.0528 0.863 0.0842
19790000 0.0547 0.8609 0.0844
19800000 0.0528 0.8572 0.09
19810000 0.0543 0.8585 0.0872
19820000 0.0535 0.8602 0.0863
19830000 0.0556 0.8618 0.0826
19840000 0.0545 0.86 0.0855
19850000 0.0564 0.8599 0.0837
19860000 0.056 0.8604 0.0836
19870000 0.0545 0.8639 0.0816
19880000 0.0538 0.8639 0.0823
19890000 0.0556 0.8644 0.08
19900000 0.0513 0.8671 0.0816
19910000 0.0502 0.8642 0.0856
19920000 0.0554 0.8527 0.0919
19930000 0.0566 0.8537 0.0897
19940000 0.0568 0.8576 0.0856
19950000 0.057 0.8579 0.0851
19960000 0.0544 0.8587 0.0869
19970000 0.0544 0.8596 0.086
19980000 0.0546 0.8604 0.085
19990000 0.0531 0.8583 0.0886
20000000 0.0506 0.8648 0.0846
20010000 0.0549 0.8635 0.0816
20020000 0.0521 0.8602 0.0877
20030000 0.0533 0.8566 0.0901
20040000 0.0547 0.8578 0.0875
20050000 0.0527 0.865 0.0823
20060000 0.0522 0.8624 0.0854
20070000 0.0584 0.8567 0.0849
20080000 0.0572 0.8575 0.0853
20090000 0.0541 0.8649 0.081
20100000 0.0554 0.8673 0.0773
20110000 0.0531 0.8676 0.0793
20120000 0.0505 0.8631 0.0864
20130000 0.0504 0.8634 0.0862
20140000 0.054 0.861 0.085
20150000 0.0546 0.8623 0.0831
20160000 0.049 0.8615 0.0895
20170000 0.0519 0.8614 0.0867
20180000 0.0535 0.8603 0.0862
20190000 0.0547 0.8607 0.0846
20200000 0.0566 0.8622 0.0812
20210000 0.0565 0.8583 0.0852
20220000 0.0535 0.8621 0.0844
20230000 0.054 0.8641 0.0819
20240000 0.0518 0.8588 0.0894
20250000 0.0584 0.8564 0.0852
20260000 0.054 0.8596 0.0864
20270000 0.0517 0.8598 0.0885
20280000 0.0545 0.8619 0.0836
20290000 0.0575 0.8583 0.0842
20300000 0.0542 0.8598 0.086
20310000 0.0516 0.8645 0.0839
20320000 0.052 0.8634 0.0846
20330000 0.0548 0.8621 0.0831
20340000 0.0522 0.8648 0.083
20350000 0.0527 0.8639 0.0834
20360000 0.0547 0.862 0.0833
20370000 0.0571 0.8623 0.0806
20380000 0.0531 0.8636 0.0833
20390000 0.0549 0.8621 0.083
20400000 0.0497 0.868 0.0823
20410000 0.0515 0.8689 0.0796
20420000 0.0544 0.8669 0.0787
20430000 0.0533 0.8662 0.0805
20440000 0.0551 0.8658 0.0791
20450000 0.0561 0.8618 0.0821
20460000 0.0528 0.8645 0.0827
20470000 0.0528 0.8622 0.085
20480000 0.0536 0.8628 0.0836
20490000 0.0522 0.8619 0.0859
20500000 0.0543 0.8594 0.0863
20510000 0.0497 0.8622 0.0881
20520000 0.0527 0.8612 0.0861
20530000 0.0537 0.8591 0.0872
20540000 0.0553 0.8575 0.0872
20550000 0.055 0.8588 0.0862
20560000 0.0526 0.8585 0.0889
20570000 0.0564 0.8575 0.0861
20580000 0.055 0.8601 0.0849
20590000 0.0552 0.8561 0.0887
20600000 0.057 0.8563 0.0867
20610000 0.0586 0.8566 0.0848
20620000 0.0565 0.859 0.0845
20630000 0.0521 0.8616 0.0863
20640000 0.0531 0.8611 0.0858
20650000 0.0535 0.8573 0.0892
20660000 0.055 0.8541 0.0909
20670000 0.0582 0.8561 0.0857
20680000 0.0571 0.8587 0.0842
20690000 0.0536 0.8609 0.0855
20700000 0.0573 0.8593 0.0834
20710000 0.0523 0.8609 0.0868
20720000 0.0552 0.8614 0.0834
20730000 0.0547 0.8587 0.0866
20740000 0.0541 0.8604 0.0855
20750000 0.0524 0.8612 0.0864
20760000 0.0517 0.8606 0.0877
20770000 0.0511 0.8651 0.0838
20780000 0.0512 0.8642 0.0846
20790000 0.0541 0.8642 0.0817
20800000 0.0577 0.8583 0.084
20810000 0.0531 0.8612 0.0857
20820000 0.0554 0.8575 0.0871
20830000 0.052 0.8565 0.0915
20840000 0.053 0.8568 0.0902
20850000 0.055 0.8571 0.0879
20860000 0.057 0.8565 0.0865
20870000 0.0534 0.8617 0.0849
20880000 0.0509 0.8575 0.0916
20890000 0.0546 0.8552 0.0902
20900000 0.0547 0.8605 0.0848
20910000 0.0559 0.86 0.0841
20920000 0.0545 0.8575 0.088
20930000 0.0524 0.863 0.0846
20940000 0.0523 0.8629 0.0848
20950000 0.0534 0.8593 0.0873
20960000 0.0565 0.8607 0.0828
20970000 0.0515 0.8642 0.0843
20980000 0.0512 0.8618 0.087
20990000 0.0534 0.8591 0.0875
21000000 0.0559 0.8556 0.0885
21010000 0.059 0.8575 0.0835
21020000 0.0564 0.8576 0.086
21030000 0.0568 0.8561 0.0871
21040000 0.0532 0.8604 0.0864
21050000 0.0532 0.8569 0.0899
21060000 0.0536 0.8572 0.0892
21070000 0.0548 0.855 0.0902
21080000 0.057 0.8551 0.0879
21090000 0.0574 0.8569 0.0857
21100000 0.0587 0.8566 0.0847
21110000 0.0541 0.8596 0.0863
21120000 0.0551 0.8563 0.0886
21130000 0.0541 0.8574 0.0885
21140000 0.0561 0.8563 0.0876
21150000 0.0599 0.8538 0.0863
21160000 0.0574 0.8541 0.0885
21170000 0.0543 0.8607 0.085
21180000 0.053 0.8597 0.0873
21190000 0.0548 0.8592 0.086
21200000 0.0515 0.8631 0.0854
21210000 0.0513 0.8651 0.0836
21220000 0.0487 0.8645 0.0868
21230000 0.0525 0.8649 0.0826
21240000 0.0531 0.8627 0.0842
21250000 0.054 0.8572 0.0888
21260000 0.0584 0.8574 0.0842
21270000 0.0586 0.8573 0.0841
21280000 0.0537 0.8621 0.0842
21290000 0.0529 0.8624 0.0847
21300000 0.0558 0.8619 0.0823
21310000 0.0566 0.8617 0.0817
21320000 0.0531 0.8647 0.0822
21330000 0.0505 0.8621 0.0874
21340000 0.0536 0.8611 0.0853
21350000 0.0565 0.8593 0.0842
21360000 0.0546 0.8635 0.0819
21370000 0.0513 0.8619 0.0868
21380000 0.051 0.8623 0.0867
21390000 0.0527 0.8611 0.0862
21400000 0.0528 0.8588 0.0884
21410000 0.0568 0.8565 0.0867
21420000 0.0582 0.8515 0.0903
21430000 0.06 0.8522 0.0878
21440000 0.053 0.8543 0.0927
21450000 0.0544 0.8556 0.09
21460000 0.0519 0.8591 0.089
21470000 0.0536 0.86 0.0864
21480000 0.0522 0.8618 0.086
21490000 0.0539 0.8603 0.0858
21500000 0.0527 0.8605 0.0868
21510000 0.0515 0.8631 0.0854
21520000 0.0491 0.8663 0.0846
21530000 0.0515 0.8635 0.085
21540000 0.0523 0.8618 0.0859
21550000 0.0537 0.8596 0.0867
21560000 0.0544 0.861 0.0846
21570000 0.0528 0.8606 0.0866
21580000 0.0526 0.8578 0.0896
21590000 0.0537 0.8577 0.0886
21600000 0.056 0.854 0.09
21610000 0.0567 0.855 0.0883
21620000 0.0544 0.8569 0.0887
21630000 0.0573 0.8579 0.0848
21640000 0.0506 0.8608 0.0886
21650000 0.0513 0.8619 0.0868
21660000 0.0523 0.8624 0.0853
21670000 0.0527 0.8591 0.0882
21680000 0.0541 0.8556 0.0903
21690000 0.0558 0.8566 0.0876
21700000 0.0559 0.8609 0.0832
21710000 0.0581 0.8581 0.0838
21720000 0.0554 0.8578 0.0868
21730000 0.0512 0.8613 0.0875
21740000 0.0535 0.8583 0.0882
21750000 0.052 0.8568 0.0912
21760000 0.0532 0.8519 0.0949
21770000 0.0573 0.8512 0.0915
21780000 0.0568 0.8522 0.091
21790000 0.0579 0.8567 0.0854
21800000 0.059 0.858 0.083
21810000 0.0528 0.8612 0.086
21820000 0.0573 0.8623 0.0804
21830000 0.0527 0.8639 0.0834
21840000 0.0521 0.8643 0.0836
21850000 0.0542 0.8623 0.0835
21860000 0.0534 0.866 0.0806
21870000 0.0529 0.8677 0.0794
21880000 0.0526 0.8661 0.0813
21890000 0.0534 0.865 0.0816
21900000 0.0551 0.8613 0.0836
21910000 0.0517 0.8633 0.085
21920000 0.049 0.8632 0.0878
21930000 0.0526 0.8667 0.0807
21940000 0.0545 0.8611 0.0844
21950000 0.0542 0.8576 0.0882
21960000 0.054 0.862 0.084
21970000 0.0521 0.866 0.0819
21980000 0.0528 0.8652 0.082
21990000 0.0535 0.8629 0.0836
22000000 0.052 0.8684 0.0796
22010000 0.0481 0.8723 0.0796
22020000 0.0474 0.8681 0.0845
22030000 0.0514 0.8632 0.0854
22040000 0.0546 0.8562 0.0892
22050000 0.0551 0.8558 0.0891
22060000 0.056 0.8572 0.0868
22070000 0.0572 0.8628 0.08
22080000 0.0576 0.8598 0.0826
22090000 0.0543 0.8642 0.0815
22100000 0.0537 0.8643 0.082
22110000 0.0559 0.8605 0.0836
22120000 0.0529 0.8661 0.081
22130000 0.055 0.8616 0.0834
22140000 0.0556 0.8591 0.0853
22150000 0.0562 0.8605 0.0833
22160000 0.0582 0.857 0.0848
22170000 0.0555 0.8562 0.0883
22180000 0.0581 0.8543 0.0876
22190000 0.0568 0.8494 0.0938
22200000 0.0556 0.8532 0.0912
22210000 0.0558 0.8555 0.0887
22220000 0.0569 0.8572 0.0859
22230000 0.0579 0.8589 0.0832
22240000 0.0523 0.8598 0.0879
22250000 0.0544 0.8584 0.0872
22260000 0.0565 0.8592 0.0843
22270000 0.0573 0.8553 0.0874
22280000 0.0581 0.8595 0.0824
22290000 0.0542 0.8603 0.0855
22300000 0.0511 0.8643 0.0846
22310000 0.0565 0.8579 0.0856
22320000 0.0541 0.8624 0.0835
22330000 0.0535 0.8638 0.0827
22340000 0.0578 0.8598 0.0824
22350000 0.0569 0.8629 0.0802
22360000 0.0517 0.8693 0.079
22370000 0.053 0.8664 0.0806
22380000 0.0467 0.8681 0.0852
22390000 0.0491 0.8655 0.0854
22400000 0.0508 0.8598 0.0894
22410000 0.0546 0.8568 0.0886
22420000 0.0564 0.8561 0.0875
22430000 0.055 0.8586 0.0864
22440000 0.0541 0.8613 0.0846
22450000 0.0525 0.863 